%YAML:1.0
---
camera_matrix: !!opencv-matrix
   rows: 3
   cols: 3
   dt: d
   data: [ 9.7325486512886107e+02, 0., 2.0908657938951856e+02, 0.,
       1.1412435752201484e+03, 6.3395808824709512e+01, 0., 0., 1. ]
distortion_coefficients: !!opencv-matrix
   rows: 1
   cols: 5
   dt: d
   data: [ 9.9014562423739583e-01, -3.8513470423658134e+01,
       1.1255439836107148e-01, 3.6045870237648645e-02,
       2.1414385884829676e+02 ]
