%YAML:1.0
---
camera_matrix: !!opencv-matrix
   rows: 3
   cols: 3
   dt: d
   data: [ 7.0026084520800623e+02, 0., 2.0820124636625806e+02, 0.,
       5.9151879389693931e+02, 5.0856015416084723e+01, 0., 0., 1. ]
distortion_coefficients: !!opencv-matrix
   rows: 1
   cols: 5
   dt: d
   data: [ 2.0581097533905435e-01, -3.8013531433923982e+00,
       1.4699188273792815e-01, -1.0559033109069074e-03,
       6.3853051996071741e+00 ]
